int progress: 10
computation time: 0.038162
eval_t: 0.001057
int_time: 0.02536
pic_decr: 0.010324
pic_poly: 0.011534
pic_ref: 0.00126
pic_ref_first: 0.004229
pic_ref_rem: 0.002522
pic_ref_start: 0.002387
pic_ref_subset: 0.000169
sc_int_rem: 0.012005
sc_post_composing: 0.007787
sc_transfrom: 0.012111
tr_comp_pre: 0.007318
tr_precond: 0.007624
tr_remap1: 0.000502
tr_remap3: 0.002496
