int progress: 360
computation time: 4.64887
eval_t: 0.088595
int_time: 3.41439
pic_decr: 1.78785
pic_poly: 0.963931
pic_ref: 0.44004
pic_ref_first: 1.2192
pic_ref_rem: 0.25097
pic_ref_start: 0.235095
pic_ref_subset: 0.012668
sc_int_rem: 2.25805
sc_post_composing: 0.715058
sc_transfrom: 1.20758
tr_comp_pre: 0.730451
tr_precond: 0.752654
tr_remap1: 0.07656
tr_remap3: 0.274101
