int progress: 360
computation time: 5.59849
eval_t: 0.086668
int_time: 4.2
pic_decr: 2.53816
pic_poly: 0.847506
pic_ref: 0.712004
pic_ref_first: 1.49132
pic_ref_rem: 0.253123
pic_ref_start: 0.168951
pic_ref_subset: 0.586846
sc_int_rem: 3.26444
sc_post_composing: 0.763755
sc_transfrom: 1.37266
tr_comp_pre: 0.9997
tr_precond: 1.01117
tr_remap1: 0.028715
tr_remap3: 0.300768
