int progress: 4
computation time: 6.36779
eval_t: 0.072227
int_time: 5.9039
pic_decr: 1.584
pic_poly: 4.00049
pic_ref: 0.102652
pic_ref_first: 1.15029
pic_ref_rem: 0.189876
pic_ref_start: 0.227366
pic_ref_subset: 0.001306
sc_int_rem: 1.68965
sc_post_composing: 0.352006
sc_transfrom: 0.463101
tr_comp_pre: 0.228181
tr_precond: 0.230495
tr_remap1: 0.054204
tr_remap3: 0.215385
