int progress: 4
computation time: 1.1237
eval_t: 0.016902
int_time: 1.04995
pic_decr: 0.303412
pic_poly: 0.675694
pic_ref: 0.036319
pic_ref_first: 0.207778
pic_ref_rem: 0.044371
pic_ref_start: 0.047019
pic_ref_subset: 0.000443
sc_int_rem: 0.340742
sc_post_composing: 0.086499
sc_transfrom: 0.073067
tr_comp_pre: 0.035682
tr_precond: 0.036368
tr_remap1: 0.003358
tr_remap3: 0.039009
