int progress: 4
computation time: 2.75093
eval_t: 0.034834
int_time: 2.56383
pic_decr: 0.711111
pic_poly: 1.71654
pic_ref: 0.059071
pic_ref_first: 0.505435
pic_ref_rem: 0.09141
pic_ref_start: 0.106036
pic_ref_subset: 0.00084
sc_int_rem: 0.771841
sc_post_composing: 0.164556
sc_transfrom: 0.186382
tr_comp_pre: 0.086874
tr_precond: 0.088065
tr_remap1: 0.011651
tr_remap3: 0.090237
