int progress: 4
computation time: 14.2142
eval_t: 0.15153
int_time: 12.695
pic_decr: 3.39879
pic_poly: 8.67061
pic_ref: 0.227019
pic_ref_first: 2.47048
pic_ref_rem: 0.400824
pic_ref_start: 0.49366
pic_ref_subset: 0.002713
sc_int_rem: 3.63185
sc_post_composing: 0.788544
sc_transfrom: 1.51798
tr_comp_pre: 0.615177
tr_precond: 0.619661
tr_remap1: 0.343082
tr_remap3: 0.529892
