int progress: 50
computation time: 0.331862
eval_t: 0.012697
int_time: 0.254227
pic_decr: 0.11426
pic_poly: 0.112768
pic_ref: 0.01317
pic_ref_first: 0.058668
pic_ref_rem: 0.028191
pic_ref_start: 0.019674
pic_ref_subset: 0.001173
sc_int_rem: 0.130289
sc_post_composing: 0.134282
sc_transfrom: 0.074318
tr_comp_pre: 0.037434
tr_precond: 0.039516
tr_remap1: 0.002327
tr_remap3: 0.027218
