int progress: 50
computation time: 0.368203
eval_t: 0.009563
int_time: 0.254486
pic_decr: 0.111171
pic_poly: 0.115342
pic_ref: 0.020879
pic_ref_first: 0.063579
pic_ref_rem: 0.026158
pic_ref_start: 0.01804
pic_ref_subset: 0.000467
pre_end: 0.00427
pre_insert: 0.015402
pre_left: 0.004865
pre_lin_trans: 0.010205
pre_ltr: 0.001025
pre_matrix: 0.001322
pre_r_range: 0.002769
pre_scaling_m: 0.004322
pre_start: 0.007578
sc_int_rem: 0.133088
sc_post_composing: 0.105756
sc_transfrom: 0.110178
tr_comp_pre: 0.053789
tr_part1: 0.00806
tr_part2: 0.043668
tr_part_all: 0.055401
tr_part_matrix: 0.00217
tr_precond: 0.057992
tr_remap1: 0.020736
tr_remap2: 0.004712
tr_remap3: 4.3e-05
