int progress: 50
computation time: 0.374
eval_t: 0.009639
int_time: 0.257684
pic_decr: 0.113776
pic_poly: 0.115449
pic_ref: 0.021157
pic_ref_first: 0.0651
pic_ref_rem: 0.026879
pic_ref_start: 0.018299
pic_ref_subset: 0.000532
pre_end: 0.004558
pre_insert: 0.015641
pre_left: 0.005176
pre_lin_trans: 0.010593
pre_ltr: 0.001124
pre_matrix: 0.001307
pre_r_range: 0.002805
pre_scaling_m: 0.003969
pre_start: 0.0076
sc_int_rem: 0.136031
sc_post_composing: 0.106482
sc_transfrom: 0.112676
tr_comp_pre: 0.054686
tr_part1: 0.008089
tr_part2: 0.044465
tr_part_all: 0.056331
tr_part_matrix: 0.002328
tr_precond: 0.059039
tr_remap1: 0.020595
tr_remap2: 0.004958
tr_remap3: 4.4e-05
