int progress: 50
computation time: 0.367076
eval_t: 0.009841
int_time: 0.252678
pic_decr: 0.114171
pic_poly: 0.110147
pic_ref: 0.013101
pic_ref_first: 0.058743
pic_ref_rem: 0.027992
pic_ref_start: 0.019397
pic_ref_subset: 0.001261
pre_end: 0.011634
pre_insert: 0.015491
pre_left: 0.004983
pre_lin_trans: 0.010157
pre_ltr: 0.000971
pre_matrix: 0.00129
pre_r_range: 0.002794
pre_scaling_m: 0.004105
pre_start: 0.00743
sc_int_rem: 0.130169
sc_post_composing: 0.10595
sc_transfrom: 0.110951
tr_comp_pre: 0.060833
tr_part1: 0.007896
tr_part2: 0.050936
tr_part_all: 0.062437
tr_part_matrix: 0.002132
tr_precond: 0.065065
tr_remap1: 0.021646
tr_remap2: 0.004957
tr_remap3: 4.4e-05
