int progress: 2
computation time: 0.801203
eval_t: 0.013635
int_time: 0.742304
pic_decr: 0.204192
pic_poly: 0.516719
pic_ref: 0.006152
pic_ref_first: 0.134232
pic_ref_rem: 0.0352
pic_ref_start: 0.031524
pic_ref_subset: 0.000361
sc_int_rem: 0.211154
sc_post_composing: 0.119739
sc_transfrom: 0.057273
tr_comp_pre: 0.022353
tr_precond: 0.022979
tr_remap1: 0.001481
tr_remap3: 0.028272
