int progress: 4
computation time: 27.7287
eval_t: 0.245109
int_time: 24.3722
pic_decr: 6.58277
pic_poly: 13.1741
pic_ref: 3.47612
pic_ref_first: 5.09861
pic_ref_rem: 0.684952
pic_ref_start: 0.744419
pic_ref_subset: 0.00413
sc_int_rem: 10.1327
sc_post_composing: 1.26034
sc_transfrom: 3.34838
tr_comp_pre: 1.0205
tr_precond: 1.07053
tr_remap1: 1.56732
tr_remap3: 0.86376
