int progress: 0.5
computation time: 0.011755
eval_t: 0.000135
int_time: 0.009311
pic_decr: 0.004611
pic_poly: 0.002015
pic_ref: 0.002083
pic_ref_first: 0.003302
pic_ref_rem: 0.000655
pic_ref_start: 0.000446
pic_ref_subset: 2.2e-05
pre_end: 0.
pre_insert: 0.00032
pre_left: 8.2e-05
pre_lin_trans: 0.00016
pre_ltr: 1e-05
pre_matrix: 2.3e-05
pre_r_range: 5.1e-05
pre_scaling_m: 8.1e-05
pre_start: 0.000135
sc_int_rem: 0.006801
sc_post_composing: 0.003134
sc_transfrom: 0.002143
tr_comp_pre: 0.001021
tr_part1: 0.000145
tr_part2: 0.000847
tr_part_all: 0.001049
tr_part_matrix: 3.2e-05
tr_precond: 0.001095
tr_remap1: 0.000436
tr_remap2: 0.000205
tr_remap3: 0.000167
