int progress: 4
computation time: 65.2928
eval_t: 0.743014
int_time: 60.7848
pic_decr: 16.3188
pic_poly: 40.6501
pic_ref: 1.07574
pic_ref_first: 11.7632
pic_ref_rem: 1.99132
pic_ref_start: 2.39227
pic_ref_subset: 0.014764
sc_int_rem: 17.4266
sc_post_composing: 5.8195
sc_transfrom: 4.5066
tr_comp_pre: 2.31722
tr_precond: 2.34066
tr_remap1: 0.562751
tr_remap3: 4.26576
