int progress: 4.
computation time: 43.7396
eval_t: 0.312508
int_time: 38.2596
pic_decr: 7.80156
pic_poly: 28.3419
pic_ref: 0.171642
pic_ref_first: 6.77208
pic_ref_rem: 0.602449
pic_ref_start: 0.22299
pic_ref_subset: 0.0211149
sc_int_rem: 8.02682
sc_post_composing: 11.6357
sc_transfrom: 5.47815
tr_comp_pre: 0.961062
tr_precond: 1.00042
tr_remap1: 2.41471
tr_remap3: 10.4831
