int progress: 60
computation time: 1.16207
eval_t: 0.003452
int_time: 0.505235
pic_decr: 0.259402
pic_poly: 0.232003
pic_ref: 0.00278801
pic_ref_first: 0.246
pic_ref_rem: 0.009053
pic_ref_start: 0.001779
pic_ref_subset: 0.000325
sc_int_rem: 0.262983
sc_post_composing: 0.167339
sc_transfrom: 0.65649
tr_comp_pre: 0.637736
tr_precond: 0.638411
tr_remap1: 0.003247
tr_remap3: 0.0589791
