int progress: 1000
computation time: 7.26
eval_t: 0
int_time: 5.94
pic_decr: 2.82999
pic_poly: 3.05
pic_ref: 0
pic_ref_first: 2.78999
pic_ref_rem: 0.02
pic_ref_start: 0.00999999
pic_ref_subset: 0
sc_int_rem: 2.83
sc_post_composing: 1.89999
sc_transfrom: 1.31999
tr_comp_pre: 1.20999
tr_precond: 1.20999
tr_remap1: 0.0199999
tr_remap3: 0.07
