int progress: 40
computation time: 32.823
eval_t: 0.284538
int_time: 18.8424
pic_decr: 10.029
pic_poly: 5.22641
pic_ref: 1.91071
pic_ref_first: 7.81159
pic_ref_rem: 0.836351
pic_ref_start: 1.20013
pic_ref_subset: 0.022247
sc_int_rem: 12.
sc_post_composing: 21.418
sc_transfrom: 13.9667
tr_comp_pre: 10.5084
tr_precond: 10.5533
tr_remap1: 1.99792
tr_remap3: 1.84578
