int progress: 1.1
computation time: 0.003868
int_time: 0.003523
pic_decr: 0.001414
pic_poly: 0.001605
pic_ref: 0.000285
pic_ref_first: 0.000687
pic_ref_rem: 0.000341
pic_ref_start: 0.000283
pic_ref_subset: 1.7e-05
sc_int_rem: 0.001736
sc_transfrom: 0.000225
