int progress: 0.11
computation time: 0.119926
int_time: 0.113016
pic_decr: 0.062573
pic_poly: 0.048435
pic_ref: 0.001228
pic_ref_first: 0.057747
pic_ref_rem: 0.002914
pic_ref_start: 0.001737
pic_ref_subset: 1.6e-05
sc_int_rem: 0.063844
sc_transfrom: 0.006713
sw_wrapping: 0.006666
