int progress: 0.11
computation time: 0.127201
int_time: 0.113935
pic_decr: 0.063601
pic_poly: 0.048156
pic_ref: 0.001353
pic_ref_first: 0.058593
pic_ref_rem: 0.003036
pic_ref_start: 0.00179
pic_ref_subset: 1.8e-05
sc_int_rem: 0.064996
sc_transfrom: 0.013051
sw_wrapping: 0.013017
