int progress: 1.1
computation time: 0.011297
int_time: 0.008097
pic_decr: 0.003149
pic_poly: 0.00403
pic_ref: 0.000431
pic_ref_first: 0.001429
pic_ref_rem: 0.000773
pic_ref_start: 0.000744
pic_ref_subset: 2.5e-05
sc_int_rem: 0.003645
sc_transfrom: 0.00294
sw_wrapping: 0.002884
