int progress: 1.1
computation time: 0.008159
int_time: 0.006613
pic_decr: 0.002544
pic_poly: 0.003379
pic_ref: 0.000348
pic_ref_first: 0.001188
pic_ref_rem: 0.000667
pic_ref_start: 0.000535
pic_ref_subset: 2.7e-05
sc_int_rem: 0.002942
sc_transfrom: 0.001322
sw_wrapping: 0.001278
