int progress: 1.1
computation time: 0.007713
int_time: 0.006656
pic_decr: 0.002566
pic_poly: 0.00334
pic_ref: 0.000362
pic_ref_first: 0.001179
pic_ref_rem: 0.000637
pic_ref_start: 0.000601
pic_ref_subset: 2.5e-05
sc_int_rem: 0.00298
sc_transfrom: 0.000871
sw_wrapping: 0.000823
