int progress: 0.55
computation time: 0.285075
int_time: 0.266094
pic_decr: 0.088054
pic_poly: 0.150449
pic_ref: 0.022339
pic_ref_first: 0.065339
pic_ref_rem: 0.013822
pic_ref_start: 0.00837
pic_ref_subset: 4.5e-05
sc_int_rem: 0.110461
sc_transfrom: 0.018659
sw_wrapping: 0.018606
