int progress: 0.55
computation time: 0.29527
int_time: 0.284106
pic_decr: 0.096541
pic_poly: 0.153352
pic_ref: 0.029898
pic_ref_first: 0.073066
pic_ref_rem: 0.014942
pic_ref_start: 0.007897
pic_ref_subset: 5e-05
sc_int_rem: 0.126537
sc_transfrom: 0.010812
sw_wrapping: 0.01075
