int progress: 0.3
computation time: 0.136126
int_time: 0.131633
pic_decr: 0.072723
pic_poly: 0.056293
pic_ref: 0.001779
pic_ref_first: 0.067779
pic_ref_rem: 0.002874
pic_ref_start: 0.001882
pic_ref_subset: 1.8e-05
sc_int_rem: 0.074546
sc_transfrom: 0.004238
sw_wrapping: 0.0042
