int progress: 0.3
computation time: 0.131285
int_time: 0.127908
pic_decr: 0.069729
pic_poly: 0.055693
pic_ref: 0.00158
pic_ref_first: 0.06464
pic_ref_rem: 0.003159
pic_ref_start: 0.001695
pic_ref_subset: 2e-05
sc_int_rem: 0.071353
sc_transfrom: 0.003054
sw_wrapping: 0.00299
