int progress: 1.1
computation time: 0.009293
int_time: 0.007682
pic_decr: 0.004361
pic_poly: 0.001942
pic_ref: 0.000966
pic_ref_first: 0.002733
pic_ref_rem: 0.000883
pic_ref_start: 0.000582
pic_ref_subset: 2.2e-05
sc_int_rem: 0.005386
sc_transfrom: 0.001381
sw_wrapping: 0.001334
