int progress: 1.1
computation time: 0.019674
int_time: 0.017704
pic_decr: 0.007508
pic_poly: 0.008033
pic_ref: 0.001647
pic_ref_first: 0.004623
pic_ref_rem: 0.001745
pic_ref_start: 0.001003
pic_ref_subset: 1.6e-05
sc_int_rem: 0.009197
sc_transfrom: 0.001815
sw_wrapping: 0.00178
