int progress: 0.22
computation time: 0.093296
int_time: 0.081129
pic_decr: 0.043129
pic_poly: 0.035244
pic_ref: 0.001804
pic_ref_first: 0.038103
pic_ref_rem: 0.003058
pic_ref_start: 0.001752
pic_ref_subset: 2.6e-05
sc_int_rem: 0.044995
sc_transfrom: 0.011889
sw_wrapping: 0.011844
