int progress: 0.22
computation time: 0.080016
int_time: 0.078304
pic_decr: 0.042413
pic_poly: 0.033112
pic_ref: 0.001952
pic_ref_first: 0.037143
pic_ref_rem: 0.003224
pic_ref_start: 0.001836
pic_ref_subset: 2.3e-05
sc_int_rem: 0.044412
sc_transfrom: 0.001432
