int progress: 0.22
computation time: 0.076387
int_time: 0.073707
pic_decr: 0.039339
pic_poly: 0.031951
pic_ref: 0.00151
pic_ref_first: 0.034475
pic_ref_rem: 0.003096
pic_ref_start: 0.001576
pic_ref_subset: 2e-05
sc_int_rem: 0.040903
sc_transfrom: 0.002445
sw_wrapping: 0.002407
