int progress: 0.11
computation time: 0.006885
int_time: 0.005904
pic_decr: 0.002087
pic_poly: 0.003104
pic_ref: 0.000425
pic_ref_first: 0.001179
pic_ref_rem: 0.000524
pic_ref_start: 0.00026
pic_ref_subset: 1.6e-05
sc_int_rem: 0.002557
sc_transfrom: 0.000754
sw_wrapping: 0.000713
