int progress: 1.1
computation time: 0.016817
eval_t: 0.000353
int_time: 0.011277
pic_decr: 0.004845
pic_poly: 0.005132
pic_ref: 0.000967
pic_ref_first: 0.002795
pic_ref_rem: 0.001131
pic_ref_start: 0.000765
pic_ref_subset: 2.3e-05
pre_end: 0.000239
pre_insert: 0.000656
pre_left: 0.0002
pre_lin_trans: 0.000396
pre_ltr: 0.000363
pre_matrix: 0.000267
pre_r_range: 9.7e-05
pre_scaling_m: 0.000159
pre_start: 0.000319
sc_int_rem: 0.005867
sc_post_composing: 0.005585
sc_transfrom: 0.00532
tr_comp_pre: 0.002784
tr_part1: 0.000342
tr_part2: 0.001823
tr_part_all: 0.002858
tr_part_matrix: 0.000627
tr_precond: 0.002979
tr_remap1: 0.000743
tr_remap2: 0.00021
tr_remap3: 0.000112
