int progress: 1.1
computation time: 0.010294
int_time: 0.009162
pic_decr: 0.003997
pic_poly: 0.00402
pic_ref: 0.000803
pic_ref_first: 0.002193
pic_ref_rem: 0.000977
pic_ref_start: 0.000706
pic_ref_subset: 2e-05
sc_int_rem: 0.004839
sc_transfrom: 0.00099
sw_wrapping: 0.000958
