int progress: 1.1
computation time: 0.013145
eval_t: 0.000317
int_time: 0.009089
pic_decr: 0.003932
pic_poly: 0.004176
pic_ref: 0.000744
pic_ref_first: 0.002263
pic_ref_rem: 0.000885
pic_ref_start: 0.000666
pic_ref_subset: 1.9e-05
pre_end: 0.000153
pre_insert: 0.000573
pre_left: 0.000169
pre_lin_trans: 0.000336
pre_ltr: 2.8e-05
pre_matrix: 5.1e-05
pre_r_range: 9.8e-05
pre_scaling_m: 0.000138
pre_start: 0.000268
sc_int_rem: 0.004722
sc_post_composing: 0.005248
sc_transfrom: 0.003894
tr_comp_pre: 0.001884
tr_part1: 0.000284
tr_part2: 0.001523
tr_part_all: 0.00194
tr_part_matrix: 7.2e-05
tr_precond: 0.002034
tr_remap1: 0.000654
tr_remap2: 0.000161
tr_remap3: 6.1e-05
