int progress: 1.1
computation time: 0.011236
int_time: 0.009688
pic_decr: 0.004211
pic_poly: 0.004317
pic_ref: 0.000803
pic_ref_first: 0.002294
pic_ref_rem: 0.001123
pic_ref_start: 0.000667
pic_ref_subset: 2e-05
sc_int_rem: 0.005052
sc_transfrom: 0.001392
sw_wrapping: 0.00135
