reason: Map is not shrinkable (s = 2405.66) Was thrown
int progress: 0.18
computation time: 0.330976
int_time: 0.323294
pic_decr: 0.143905
pic_poly: 0.173968
pic_ref: 0.003294
pic_ref_first: 0.13175
pic_ref_rem: 0.007696
pic_ref_start: 0.004181
pic_ref_subset: 1.9e-05
sc_int_rem: 0.14724
sc_transfrom: 0.003481
sw_wrapping: 0.00344
