int progress: 0.1
computation time: 2.39309
int_time: 2.37551
pic_decr: 0.49195
pic_poly: 1.87084
pic_ref: 0.006537
pic_ref_first: 0.445006
pic_ref_rem: 0.029248
pic_ref_start: 0.015633
pic_ref_subset: 0.001372
sc_int_rem: 0.498542
sc_transfrom: 0.017259
sw_wrapping: 0.017208
