int progress: 0.11
computation time: 0.062722
int_time: 0.058081
pic_decr: 0.017273
pic_poly: 0.039378
pic_ref: 0.000552
pic_ref_first: 0.011831
pic_ref_rem: 0.003067
pic_ref_start: 0.002203
pic_ref_subset: 1.9e-05
sc_int_rem: 0.017868
sc_transfrom: 0.004364
sw_wrapping: 0.004308
