int progress: 0.11
computation time: 0.059823
int_time: 0.0572
pic_decr: 0.018028
pic_poly: 0.037608
pic_ref: 0.000705
pic_ref_first: 0.01261
pic_ref_rem: 0.003279
pic_ref_start: 0.001916
pic_ref_subset: 2.4e-05
sc_int_rem: 0.018792
sc_transfrom: 0.002367
sw_wrapping: 0.002317
