int progress: 0.22
computation time: 0.322712
int_time: 0.318287
pic_decr: 0.164989
pic_poly: 0.149827
pic_ref: 0.0022
pic_ref_first: 0.156543
pic_ref_rem: 0.005247
pic_ref_start: 0.002961
pic_ref_subset: 1.8e-05
sc_int_rem: 0.167233
sc_transfrom: 0.004213
sw_wrapping: 0.00417
