int progress: 0.22
computation time: 4.39216
int_time: 4.31434
pic_decr: 1.2203
pic_poly: 3.01542
pic_ref: 0.060715
pic_ref_first: 1.12766
pic_ref_rem: 0.055318
pic_ref_start: 0.035833
pic_ref_subset: 3.3e-05
sc_int_rem: 1.28107
sc_transfrom: 0.077533
sw_wrapping: 0.077478
