int progress: 0.5
computation time: 0.008049
eval_t: 0.000103
int_time: 0.006203
pic_decr: 0.003507
pic_poly: 0.001338
pic_ref: 0.000814
pic_ref_first: 0.002706
pic_ref_rem: 0.000328
pic_ref_start: 0.000314
pic_ref_subset: 1.7e-05
sc_int_rem: 0.0044
sc_post_composing: 0.00114
sc_transfrom: 0.001595
tr_comp_pre: 0.000945
tr_precond: 0.000992
tr_remap1: 0.000144
tr_remap3: 0.000424
