int progress: 0.5
computation time: 0.008233
eval_t: 0.000117
int_time: 0.005959
pic_decr: 0.003271
pic_poly: 0.001517
pic_ref: 0.000628
pic_ref_first: 0.002405
pic_ref_rem: 0.000385
pic_ref_start: 0.000343
pic_ref_subset: 1.5e-05
sc_int_rem: 0.003972
sc_post_composing: 0.001415
sc_transfrom: 0.002
tr_comp_pre: 0.001281
tr_precond: 0.001326
tr_remap1: 0.000162
tr_remap3: 0.000583
