int progress: 0.5
computation time: 0.039824
eval_t: 0.000182
int_time: 0.036325
pic_decr: 0.015183
pic_poly: 0.002268
pic_ref: 0.018168
pic_ref_first: 0.013886
pic_ref_rem: 0.000677
pic_ref_start: 0.00044
pic_ref_subset: 2.2e-05
sc_int_rem: 0.033454
sc_post_composing: 0.002424
sc_transfrom: 0.003197
tr_comp_pre: 0.002214
tr_precond: 0.002261
tr_remap1: 0.000146
tr_remap3: 0.001316
