int progress: 0.25
computation time: 1.43899
eval_t: 0.008105
int_time: 1.27432
pic_decr: 0.31793
pic_poly: 0.593026
pic_ref: 0.294905
pic_ref_first: 0.245367
pic_ref_rem: 0.032523
pic_ref_start: 0.036462
pic_ref_subset: 0.000321
sc_int_rem: 0.616717
sc_post_composing: 0.080683
sc_transfrom: 0.16278
tr_comp_pre: 0.043801
tr_precond: 0.046486
tr_remap1: 0.098579
tr_remap3: 0.049924
