int progress: 0.25
computation time: 0.168705
eval_t: 0.001488
int_time: 0.160117
pic_decr: 0.04397
pic_poly: 0.071601
pic_ref: 0.036971
pic_ref_first: 0.033289
pic_ref_rem: 0.004888
pic_ref_start: 0.005226
pic_ref_subset: 5.3e-05
sc_int_rem: 0.081492
sc_post_composing: 0.010991
sc_transfrom: 0.008195
tr_comp_pre: 0.004115
tr_precond: 0.004261
tr_remap1: 0.000924
tr_remap3: 0.004345
