int progress: 0.25
computation time: 0.351303
eval_t: 0.003085
int_time: 0.330078
pic_decr: 0.097538
pic_poly: 0.161131
pic_ref: 0.056294
pic_ref_first: 0.074882
pic_ref_rem: 0.01014
pic_ref_start: 0.011453
pic_ref_subset: 9.9e-05
sc_int_rem: 0.154921
sc_post_composing: 0.018733
sc_transfrom: 0.020684
tr_comp_pre: 0.0099
tr_precond: 0.010301
tr_remap1: 0.003303
tr_remap3: 0.010816
