int progress: 0.5
computation time: 0.009433
eval_t: 0.000174
int_time: 0.007447
pic_decr: 0.003694
pic_poly: 0.001853
pic_ref: 0.001442
pic_ref_first: 0.002676
pic_ref_rem: 0.000499
pic_ref_start: 0.000364
pic_ref_subset: 1.7e-05
sc_int_rem: 0.005215
sc_post_composing: 0.003138
sc_transfrom: 0.0017
tr_comp_pre: 0.000951
tr_precond: 0.001003
tr_remap1: 9.6e-05
tr_remap3: 0.000634
