int progress: 0.5
computation time: 0.012535
eval_t: 0.000131
int_time: 0.010169
pic_decr: 0.00451
pic_poly: 0.001869
pic_ref: 0.00346
pic_ref_first: 0.00363
pic_ref_rem: 0.000459
pic_ref_start: 0.000344
pic_ref_subset: 8e-06
pre_end: 7.2e-05
pre_insert: 0.000278
pre_left: 7.6e-05
pre_lin_trans: 0.000156
pre_ltr: 1e-05
pre_matrix: 2.4e-05
pre_r_range: 5e-05
pre_scaling_m: 7.2e-05
pre_start: 0.000153
sc_int_rem: 0.008021
sc_post_composing: 0.002584
sc_transfrom: 0.002083
tr_comp_pre: 0.000943
tr_part1: 0.00016
tr_part2: 0.000752
tr_part_all: 0.000968
tr_part_matrix: 3.3e-05
tr_precond: 0.001013
tr_remap1: 0.000402
tr_remap2: 0.000181
tr_remap3: 0.000271
