int progress: 0.05
computation time: 0.045333
eval_t: 0.000576
int_time: 0.042051
pic_decr: 0.014867
pic_poly: 0.023236
pic_ref: 0.002164
pic_ref_first: 0.011084
pic_ref_rem: 0.001903
pic_ref_start: 0.001671
pic_ref_subset: 1.7e-05
sc_int_rem: 0.017218
sc_post_composing: 0.005327
sc_transfrom: 0.003009
tr_comp_pre: 0.001256
tr_precond: 0.001299
tr_remap1: 0.000193
tr_remap3: 0.001339
