reason: Map is not shrinkable (s = 4.26681) Was thrown
int progress: 30
computation time: 1.46561
int_time: 1.44701
pic_decr: 0.794361
pic_poly: 0.64332
pic_ref: 0.008309
pic_ref_first: 0.786635
pic_ref_rem: 0.004776
pic_ref_start: 0.002775
pic_ref_subset: 5e-06
sc_int_rem: 0.802679
sc_transfrom: 0.003154
sw_wrapping: 0.003146
