reason: Map is not shrinkable (n = 2, t = 0.501943) Was thrown
int progress: 1.32
computation time: 0.17833
int_time: 0.171268
pic_decr: 0.104121
pic_poly: 0.060565
pic_ref: 0.004775
pic_ref_first: 0.09611
pic_ref_rem: 0.004676
pic_ref_start: 0.002831
pic_ref_subset: 0.000185
sc_int_rem: 0.108986
sc_transfrom: 0.006259
sw_wrapping: 0.006179
