reason: Map is not shrinkable (n = 2, t = 0.509838) Was thrown
int progress: 1.35
computation time: 0.186767
int_time: 0.17408
pic_decr: 0.105917
pic_poly: 0.060814
pic_ref: 0.005532
pic_ref_first: 0.097961
pic_ref_rem: 0.004687
pic_ref_start: 0.002898
pic_ref_subset: 4.5e-05
sc_int_rem: 0.111541
sc_transfrom: 0.011871
sw_wrapping: 0.011789
