int progress: 10
computation time: 115.316
int_time: 113.946
pic_decr: 68.4548
pic_poly: 41.5281
pic_ref: 3.07991
pic_ref_first: 44.2673
pic_ref_rem: 2.07733
pic_ref_start: 1.30626
pic_ref_subset: 20.7506
sc_int_rem: 71.5381
sc_transfrom: 1.35634
