int progress: 10
computation time: 83.0334
int_time: 81.7003
pic_decr: 46.79
pic_poly: 33.3213
pic_ref: 0.446656
pic_ref_first: 40.4863
pic_ref_rem: 1.94134
pic_ref_start: 1.17598
pic_ref_subset: 3.08011
sc_int_rem: 47.2578
sc_transfrom: 1.32096
