int progress: 100.1
computation time: 0.348771
int_time: 0.28765
pic_decr: 0.111508
pic_poly: 0.143312
pic_ref: 0.015215
pic_ref_first: 0.052322
pic_ref_rem: 0.029643
pic_ref_start: 0.023503
pic_ref_subset: 0.000908
sc_int_rem: 0.128784
sc_transfrom: 0.055116
sw_wrapping: 0.05352
