int progress: 100.1
computation time: 0.329638
int_time: 0.30228
pic_decr: 0.113389
pic_poly: 0.154915
pic_ref: 0.015771
pic_ref_first: 0.053251
pic_ref_rem: 0.029895
pic_ref_start: 0.024023
pic_ref_subset: 0.00093
sc_int_rem: 0.13123
sc_transfrom: 0.020532
