reason: Map is not shrinkable (n = 34, t = 0.0420766) Was thrown
int progress: 1.2
computation time: 21.6693
int_time: 21.0967
pic_decr: 6.31198
pic_poly: 12.8633
pic_ref: 1.77653
pic_ref_first: 5.4615
pic_ref_rem: 0.429642
pic_ref_start: 0.226664
pic_ref_subset: 0.18422
sc_int_rem: 8.08864
sc_transfrom: 0.489595
sw_wrapping: 0.489505
