reason: Map is not shrinkable (s = 4.72109) Was thrown
int progress: 1.95
computation time: 6.0517
int_time: 5.90331
pic_decr: 1.7643
pic_poly: 3.49527
pic_ref: 0.588939
pic_ref_first: 1.46739
pic_ref_rem: 0.173016
pic_ref_start: 0.100969
pic_ref_subset: 0.019786
sc_int_rem: 2.35337
sc_transfrom: 0.133053
sw_wrapping: 0.132945
