int progress: 4
computation time: 11.6255
eval_t: 0.163516
int_time: 10.6234
pic_decr: 3.08046
pic_poly: 6.84907
pic_ref: 0.365117
pic_ref_first: 2.1154
pic_ref_rem: 0.448174
pic_ref_start: 0.472968
pic_ref_subset: 0.004491
sc_int_rem: 3.45575
sc_post_composing: 1.04174
sc_transfrom: 1.00085
tr_comp_pre: 0.366691
tr_precond: 0.373748
tr_remap1: 0.051491
tr_remap3: 0.611618
