reason: Map is not shrinkable (n = 10, t = 0.949313) Was thrown
int progress: 2.45
computation time: 1.9475
int_time: 1.88829
pic_decr: 0.607432
pic_poly: 1.07691
pic_ref: 0.180871
pic_ref_first: 0.477523
pic_ref_rem: 0.073227
pic_ref_start: 0.043697
pic_ref_subset: 0.011045
sc_int_rem: 0.78844
sc_transfrom: 0.054566
sw_wrapping: 0.054439
