reason: Map is not shrinkable (n = 2, t = 0.522187) Was thrown
int progress: 2.67
computation time: 0.732718
int_time: 0.714948
pic_decr: 0.394644
pic_poly: 0.3057
pic_ref: 0.008224
pic_ref_first: 0.366425
pic_ref_rem: 0.016899
pic_ref_start: 0.010314
pic_ref_subset: 0.00014
sc_int_rem: 0.403066
sc_transfrom: 0.016269
sw_wrapping: 0.016109
