reason: max increase couldn't find a remainder (in finding contracting) Was thrown
int progress: 1.62
computation time: 0.441315
int_time: 0.426288
pic_decr: 0.238299
pic_poly: 0.185006
pic_ref: 0.003181
pic_ref_first: 0.222311
pic_ref_rem: 0.010112
pic_ref_start: 0.006253
pic_ref_subset: 0.003399
sc_int_rem: 0.24159
sc_transfrom: 0.005637
