int progress: 1
computation time: 0.009992
int_time: 0.007845
pic_decr: 0.003429
pic_poly: 0.003341
pic_ref: 0.000783
pic_ref_first: 0.002128
pic_ref_rem: 0.000742
pic_ref_start: 0.000481
pic_ref_subset: 1e-05
sc_int_rem: 0.004235
sc_transfrom: 0.002057
sw_wrapping: 0.002037
