int progress: 1
computation time: 0.08763
eval_t: 0.002216
int_time: 0.072482
pic_decr: 0.032854
pic_poly: 0.031674
pic_ref: 0.005528
pic_ref_first: 0.019308
pic_ref_rem: 0.007661
pic_ref_start: 0.004665
pic_ref_subset: 0.000183
sc_int_rem: 0.038803
sc_post_composing: 0.01924
sc_transfrom: 0.015045
tr_comp_pre: 0.008042
tr_precond: 0.008343
tr_remap1: 0.000394
tr_remap3: 0.009777
