reason: Map is not shrinkable (n = 2, t = 0.508994) Was thrown
int progress: 5.32
computation time: 2.26731
int_time: 2.02702
pic_decr: 1.11708
pic_poly: 0.85407
pic_ref: 0.02671
pic_ref_first: 1.0329
pic_ref_rem: 0.05062
pic_ref_start: 0.030781
pic_ref_subset: 0.000269
sc_int_rem: 1.14434
sc_transfrom: 0.23733
sw_wrapping: 0.236899
