reason: Map is not shrinkable (n = 2, t = 0.628231) Was thrown
int progress: 5.38
computation time: 2.09163
int_time: 2.03271
pic_decr: 1.12417
pic_poly: 0.860322
pic_ref: 0.021685
pic_ref_first: 1.03759
pic_ref_rem: 0.050637
pic_ref_start: 0.030873
pic_ref_subset: 0.00247
sc_int_rem: 1.14643
sc_transfrom: 0.055872
sw_wrapping: 0.055392
