int progress: 10
computation time: 0.13693
int_time: 0.108152
pic_decr: 0.047204
pic_poly: 0.047014
pic_ref: 0.009989
pic_ref_first: 0.029584
pic_ref_rem: 0.010368
pic_ref_start: 0.006455
pic_ref_subset: 0.000103
sc_int_rem: 0.057419
sc_transfrom: 0.027984
sw_wrapping: 0.027817
