int progress: 10
computation time: 0.116599
int_time: 0.107335
pic_decr: 0.047355
pic_poly: 0.047065
pic_ref: 0.009091
pic_ref_first: 0.029633
pic_ref_rem: 0.010361
pic_ref_start: 0.006568
pic_ref_subset: 0.000101
sc_int_rem: 0.056673
sc_transfrom: 0.008558
sw_wrapping: 0.008383
