int progress: 10
computation time: 0.122259
int_time: 0.104676
pic_decr: 0.045781
pic_poly: 0.045222
pic_ref: 0.009861
pic_ref_first: 0.028299
pic_ref_rem: 0.010251
pic_ref_start: 0.006433
pic_ref_subset: 9.9e-05
sc_int_rem: 0.05586
sc_transfrom: 0.016816
sw_wrapping: 0.016647
