int progress: 10
computation time: 0.10932
int_time: 0.102394
pic_decr: 0.046168
pic_poly: 0.046592
pic_ref: 0.005792
pic_ref_first: 0.02877
pic_ref_rem: 0.010191
pic_ref_start: 0.006339
pic_ref_subset: 0.00017
sc_int_rem: 0.052169
sc_transfrom: 0.00622
