reason: Map is not shrinkable (n = 2, t = 0.508441) Was thrown
int progress: 8.24
computation time: 2.68517
int_time: 2.30917
pic_decr: 1.2511
pic_poly: 0.986885
pic_ref: 0.036234
pic_ref_first: 1.11401
pic_ref_rem: 0.082742
pic_ref_start: 0.049765
pic_ref_subset: 0.000424
sc_int_rem: 1.28825
sc_transfrom: 0.371571
sw_wrapping: 0.370815
