reason: Map is not shrinkable (n = 2, t = 0.593152) Was thrown
int progress: 8.38
computation time: 2.36796
int_time: 2.2789
pic_decr: 1.2358
pic_poly: 0.976838
pic_ref: 0.031202
pic_ref_first: 1.10146
pic_ref_rem: 0.080319
pic_ref_start: 0.049428
pic_ref_subset: 0.000437
sc_int_rem: 1.26791
sc_transfrom: 0.08451
sw_wrapping: 0.083714
