reason: Map is not shrinkable (n = 2, t = 0.502122) Was thrown
int progress: 51.98
computation time: 15.3478
int_time: 14.5266
pic_decr: 7.80974
pic_poly: 6.14408
pic_ref: 0.213032
pic_ref_first: 6.96105
pic_ref_rem: 0.509925
pic_ref_start: 0.310669
pic_ref_subset: 0.00262
sc_int_rem: 8.02835
sc_transfrom: 0.79946
sw_wrapping: 0.794437
