reason: Map is not shrinkable (n = 2, t = 0.541144) Was thrown
int progress: 22.5
computation time: 0.298659
int_time: 0.286177
pic_decr: 0.146859
pic_poly: 0.136089
pic_ref: 0.002103
pic_ref_first: 0.139253
pic_ref_rem: 0.004566
pic_ref_start: 0.002832
pic_ref_subset: 1.7e-05
sc_int_rem: 0.148998
sc_transfrom: 0.010904
sw_wrapping: 0.010873
