reason: Map is not shrinkable (s = 26.7595) Was thrown
int progress: 0.02
computation time: 0.008796
int_time: 0.007792
pic_decr: 0.003431
pic_poly: 0.004
pic_ref: 0.000309
pic_ref_first: 0.002946
pic_ref_rem: 0.000263
pic_ref_start: 0.000206
pic_ref_subset: 2e-06
sc_int_rem: 0.003744
sc_transfrom: 2.2e-05
sw_wrapping: 1.9e-05
