reason: Map is not shrinkable (n = 2, t = 0.549812) Was thrown
int progress: 19
computation time: 0.081123
int_time: 0.078556
pic_decr: 0.038121
pic_poly: 0.038247
pic_ref: 0.001389
pic_ref_first: 0.03374
pic_ref_rem: 0.002577
pic_ref_start: 0.001439
pic_ref_subset: 0.000204
sc_int_rem: 0.039547
sc_transfrom: 0.001907
sw_wrapping: 0.001874
