reason: Map is not shrinkable (n = 2, t = 0.545096) Was thrown
int progress: 19
computation time: 0.084415
int_time: 0.080896
pic_decr: 0.038585
pic_poly: 0.039708
pic_ref: 0.001692
pic_ref_first: 0.034367
pic_ref_rem: 0.002507
pic_ref_start: 0.001503
pic_ref_subset: 5.2e-05
sc_int_rem: 0.040318
sc_transfrom: 0.00286
sw_wrapping: 0.002826
