reason: Map is not shrinkable (n = 2, t = 0.51022) Was thrown
int progress: 17
computation time: 0.078488
int_time: 0.069612
pic_decr: 0.033291
pic_poly: 0.03378
pic_ref: 0.001758
pic_ref_first: 0.029589
pic_ref_rem: 0.002251
pic_ref_start: 0.001293
pic_ref_subset: 1.8e-05
sc_int_rem: 0.035082
sc_transfrom: 0.008246
sw_wrapping: 0.008218
