int progress: 40.
computation time: 4.46
eval_t: 0.0499999
int_time: 2.47
pic_decr: 1.20999
pic_poly: 0.77
pic_ref: 0.07
pic_ref_first: 0.959999
pic_ref_rem: 0.11
pic_ref_start: 0.01
pic_ref_subset: 0.02
sc_int_rem: 1.3
sc_post_composing: 3.12999
sc_transfrom: 1.98999
tr_comp_pre: 1.08999
tr_precond: 1.12999
tr_remap1: 0.569999
tr_remap3: 0.52
